// MilkShape 3D ASCII

Frames: 30
Frame: 1

Meshes: 1
"Regroup02" 0 -1
272
0 -49.777771 9.444458 11.250000 0.000000 0.000000 -1
0 -49.920654 3.627014 11.250000 0.000000 0.000000 -1
0 -42.182556 3.627014 11.250000 0.000000 0.000000 -1
0 -40.944416 9.555569 11.250000 0.000000 0.000000 -1
0 -38.499989 9.000021 11.250000 0.000000 0.000000 -1
0 -39.888916 2.333313 11.250000 0.000000 0.000000 -1
0 -35.277771 7.166687 11.250000 0.000000 0.000000 -1
0 -38.888916 0.222229 11.250000 0.000000 0.000000 -1
0 -34.111084 6.111084 11.250000 0.000000 0.000000 -1
0 -32.777771 4.000000 11.250000 0.000000 0.000000 -1
0 -38.904785 -2.484131 11.250000 0.000000 0.000000 -1
0 -31.888916 -2.444458 11.250000 0.000000 0.000000 -1
0 -31.666687 1.000000 11.250000 0.000000 0.000000 -1
0 -33.777771 -6.777771 11.250000 0.000000 0.000000 -1
0 -40.888916 -4.111084 11.250000 0.000000 0.000000 -1
0 -36.055542 -8.880981 11.250000 0.000000 0.000000 -1
0 -39.476196 -10.396851 11.250000 0.000000 0.000000 -1
0 -42.662415 -4.521362 11.250000 0.000000 0.000000 -1
0 -49.777771 -10.444458 11.250000 0.000000 0.000000 -1
0 -49.888916 2.333313 11.250000 0.000000 0.000000 -1
0 -42.888916 2.333313 11.250000 0.000000 0.000000 -1
0 18.480103 9.682434 11.250000 0.000000 0.000000 -1
0 12.063477 1.932434 11.250000 0.000000 0.000000 -1
0 18.646790 0.099121 11.250000 0.000000 0.000000 -1
0 26.730103 9.599121 11.250000 0.000000 0.000000 -1
0 18.813477 -10.400879 11.250000 0.000000 0.000000 -1
0 27.313477 -10.234253 11.250000 0.000000 0.000000 -1
0 11.980103 -2.484253 11.250000 0.000000 0.000000 -1
0 27.646851 2.682434 11.250000 0.000000 0.000000 -1
0 27.896851 -10.317566 11.250000 0.000000 0.000000 -1
0 34.480103 -10.317566 11.250000 0.000000 0.000000 -1
0 34.480103 2.432434 11.250000 0.000000 0.000000 -1
0 27.563477 9.599121 11.250000 0.000000 0.000000 -1
0 27.563477 4.015747 11.250000 0.000000 0.000000 -1
0 34.313477 3.932434 11.250000 0.000000 0.000000 -1
0 34.313477 9.599121 11.250000 0.000000 0.000000 -1
0 35.563477 9.765747 11.250000 0.000000 0.000000 -1
0 35.646729 4.099121 11.250000 0.000000 0.000000 -1
0 50.146729 9.682434 11.250000 0.000000 0.000000 -1
0 49.980103 3.932434 11.250000 0.000000 0.000000 -1
0 35.563477 2.682434 11.250000 0.000000 0.000000 -1
0 50.063477 -3.150879 11.250000 0.000000 0.000000 -1
0 50.059814 2.642578 11.250000 0.000000 0.000000 -1
0 42.559814 -3.150879 11.250000 0.000000 0.000000 -1
0 35.646729 -10.234253 11.250000 0.000000 0.000000 -1
0 42.559814 -4.408142 11.250000 0.000000 0.000000 -1
0 50.313477 -10.317566 11.250000 0.000000 0.000000 -1
0 50.146729 -4.346558 11.250000 0.000000 0.000000 -1
0 -42.111084 -4.611084 11.250000 0.000000 0.000000 -1
0 -49.777771 -4.611084 11.250000 0.000000 0.000000 -1
0 -49.777771 -10.500000 11.250000 0.000000 0.000000 -1
0 -40.111084 -10.500000 11.250000 0.000000 0.000000 -1
0 -37.555542 -9.722229 11.250000 0.000000 0.000000 -1
0 -39.888916 -3.388916 11.250000 0.000000 0.000000 -1
0 -35.777771 -8.722229 11.250000 0.000000 0.000000 -1
0 -38.888916 -1.277771 11.250000 0.000000 0.000000 -1
0 -34.111084 -7.166687 11.250000 0.000000 0.000000 -1
0 -32.777771 -5.055542 11.250000 0.000000 0.000000 -1
0 -38.904785 1.428589 11.250000 0.000000 0.000000 -1
0 -31.666687 -2.055542 11.250000 0.000000 0.000000 -1
0 -31.888916 1.388916 11.250000 0.000000 0.000000 -1
0 -33.777771 5.722229 11.250000 0.000000 0.000000 -1
0 -36.666649 7.880935 11.250000 0.000000 0.000000 -1
0 -40.888916 3.055542 11.250000 0.000000 0.000000 -1
0 -9.654541 0.847168 11.250000 0.000000 0.000000 -1
0 -2.654541 0.797180 11.250000 0.000000 0.000000 -1
0 -8.854492 3.941650 11.250000 0.000000 0.000000 -1
0 -1.926758 2.463867 11.250000 0.000000 0.000000 -1
0 -7.104492 6.491638 11.250000 0.000000 0.000000 -1
0 -4.254517 8.591614 11.250000 0.000000 0.000000 -1
0 -0.776733 3.519409 11.250000 0.000000 0.000000 -1
0 -1.504517 9.541626 11.250000 0.000000 0.000000 -1
0 1.166687 3.888916 11.250000 0.000000 0.000000 -1
0 1.166687 9.888916 11.250000 0.000000 0.000000 -1
0 10.863403 3.910522 11.250000 0.000000 0.000000 -1
0 4.385620 0.710510 11.250000 0.000000 0.000000 -1
0 11.496765 0.760498 11.250000 0.000000 0.000000 -1
0 3.824524 2.321655 11.250000 0.000000 0.000000 -1
0 9.113403 6.460510 11.250000 0.000000 0.000000 -1
0 6.263428 8.560547 11.250000 0.000000 0.000000 -1
0 2.618958 3.432739 11.250000 0.000000 0.000000 -1
0 3.513428 9.510498 11.250000 0.000000 0.000000 -1
0 -8.854492 -4.997192 11.250000 0.000000 0.000000 -1
0 -2.710083 -1.186096 11.250000 0.000000 0.000000 -1
0 -9.710083 -1.236084 11.250000 0.000000 0.000000 -1
0 -2.204529 -3.463867 11.250000 0.000000 0.000000 -1
0 -7.104492 -7.547180 11.250000 0.000000 0.000000 -1
0 -4.254517 -9.647217 11.250000 0.000000 0.000000 -1
0 -0.887878 -4.686096 11.250000 0.000000 0.000000 -1
0 -1.504517 -10.597168 11.250000 0.000000 0.000000 -1
0 1.055542 -5.166687 11.250000 0.000000 0.000000 -1
0 1.166687 -10.944458 11.250000 0.000000 0.000000 -1
0 11.385620 -1.371643 11.250000 0.000000 0.000000 -1
0 4.607849 -1.321655 11.250000 0.000000 0.000000 -1
0 10.863403 -4.966064 11.250000 0.000000 0.000000 -1
0 3.935608 -3.654968 11.250000 0.000000 0.000000 -1
0 9.113403 -7.516052 11.250000 0.000000 0.000000 -1
0 6.263428 -9.616089 11.250000 0.000000 0.000000 -1
0 2.952332 -4.488281 11.250000 0.000000 0.000000 -1
0 3.513428 -10.566101 11.250000 0.000000 0.000000 -1
0 -30.940247 0.942444 11.250000 0.000000 0.000000 -1
0 -23.940247 0.892456 11.250000 0.000000 0.000000 -1
0 -30.140259 4.036865 11.250000 0.000000 0.000000 -1
0 -23.212463 2.559082 11.250000 0.000000 0.000000 -1
0 -28.390259 6.586853 11.250000 0.000000 0.000000 -1
0 -25.540222 8.686890 11.250000 0.000000 0.000000 -1
0 -22.062439 3.614624 11.250000 0.000000 0.000000 -1
0 -22.790222 9.636902 11.250000 0.000000 0.000000 -1
0 -20.119019 3.984131 11.250000 0.000000 0.000000 -1
0 -20.119019 9.984131 11.250000 0.000000 0.000000 -1
0 -10.422302 4.005737 11.250000 0.000000 0.000000 -1
0 -16.900085 0.805786 11.250000 0.000000 0.000000 -1
0 -9.979431 0.855774 11.250000 0.000000 0.000000 -1
0 -17.461182 2.416870 11.250000 0.000000 0.000000 -1
0 -12.172302 6.555786 11.250000 0.000000 0.000000 -1
0 -15.022278 8.655762 11.250000 0.000000 0.000000 -1
0 -18.666748 3.528015 11.250000 0.000000 0.000000 -1
0 -17.772278 9.605774 11.250000 0.000000 0.000000 -1
0 -30.140259 -4.901978 11.250000 0.000000 0.000000 -1
0 -23.995789 -1.090820 11.250000 0.000000 0.000000 -1
0 -30.995789 -1.140869 11.250000 0.000000 0.000000 -1
0 -23.490234 -3.368591 11.250000 0.000000 0.000000 -1
0 -28.390259 -7.451965 11.250000 0.000000 0.000000 -1
0 -25.540222 -9.551941 11.250000 0.000000 0.000000 -1
0 -22.173584 -4.590820 11.250000 0.000000 0.000000 -1
0 -22.790222 -10.501953 11.250000 0.000000 0.000000 -1
0 -20.230164 -5.071411 11.250000 0.000000 0.000000 -1
0 -20.119019 -10.849182 11.250000 0.000000 0.000000 -1
0 -9.900085 -1.276367 11.250000 0.000000 0.000000 -1
0 -16.677856 -1.226379 11.250000 0.000000 0.000000 -1
0 -10.422302 -4.870850 11.250000 0.000000 0.000000 -1
0 -17.350098 -3.559753 11.250000 0.000000 0.000000 -1
0 -12.172302 -7.420837 11.250000 0.000000 0.000000 -1
0 -15.022278 -9.520813 11.250000 0.000000 0.000000 -1
0 -18.333435 -4.393066 11.250000 0.000000 0.000000 -1
0 -17.772278 -10.470825 11.250000 0.000000 0.000000 -1
0 -49.777779 9.444445 0.000000 0.000000 0.000000 -1
0 -49.920635 3.626984 0.000000 0.000000 0.000000 -1
0 -42.182541 3.626984 0.000000 0.000000 0.000000 -1
0 -41.000000 9.555555 0.000000 0.000000 0.000000 -1
0 -38.500004 9.000001 0.000000 0.000000 0.000000 -1
0 -39.888889 2.333333 0.000000 0.000000 0.000000 -1
0 -35.277779 7.166667 0.000000 0.000000 0.000000 -1
0 -38.888889 0.222222 0.000000 0.000000 0.000000 -1
0 -34.111111 6.111111 0.000000 0.000000 0.000000 -1
0 -32.777779 4.000000 0.000000 0.000000 0.000000 -1
0 -38.904766 -2.484127 0.000000 0.000000 0.000000 -1
0 -31.888889 -2.444444 0.000000 0.000000 0.000000 -1
0 -31.666668 1.000000 0.000000 0.000000 0.000000 -1
0 -33.777779 -6.777778 0.000000 0.000000 0.000000 -1
0 -40.888889 -4.111111 0.000000 0.000000 0.000000 -1
0 -36.055557 -8.880953 0.000000 0.000000 0.000000 -1
0 -39.476192 -10.396825 0.000000 0.000000 0.000000 -1
0 -42.662395 -4.521367 0.000000 0.000000 0.000000 -1
0 -49.777779 -10.444445 0.000000 0.000000 0.000000 -1
0 -49.888889 2.333333 0.000000 0.000000 0.000000 -1
0 -42.888889 2.333333 0.000000 0.000000 0.000000 -1
0 18.480127 9.682444 0.000000 0.000000 0.000000 -1
0 12.063460 1.932444 0.000000 0.000000 0.000000 -1
0 18.646793 0.099111 0.000000 0.000000 0.000000 -1
0 26.730127 9.599111 0.000000 0.000000 0.000000 -1
0 18.813461 -10.400889 0.000000 0.000000 0.000000 -1
0 27.313461 -10.234222 0.000000 0.000000 0.000000 -1
0 11.980127 -2.484223 0.000000 0.000000 0.000000 -1
0 27.646791 2.682444 0.000000 0.000000 0.000000 -1
0 27.896791 -10.317556 0.000000 0.000000 0.000000 -1
0 34.480125 -10.317556 0.000000 0.000000 0.000000 -1
0 34.480125 2.432444 0.000000 0.000000 0.000000 -1
0 27.563459 9.599111 0.000000 0.000000 0.000000 -1
0 27.563459 4.015777 0.000000 0.000000 0.000000 -1
0 34.313457 3.932444 0.000000 0.000000 0.000000 -1
0 34.313457 9.599111 0.000000 0.000000 0.000000 -1
0 35.563457 9.765778 0.000000 0.000000 0.000000 -1
0 35.646790 4.099111 0.000000 0.000000 0.000000 -1
0 50.146790 9.682444 0.000000 0.000000 0.000000 -1
0 49.980125 3.932444 0.000000 0.000000 0.000000 -1
0 50.063457 -3.150889 0.000000 0.000000 0.000000 -1
0 50.059830 2.642589 0.000000 0.000000 0.000000 -1
0 35.563457 2.682444 0.000000 0.000000 0.000000 -1
0 42.559834 -3.150889 0.000000 0.000000 0.000000 -1
0 35.646790 -10.234222 0.000000 0.000000 0.000000 -1
0 42.559834 -4.408136 0.000000 0.000000 0.000000 -1
0 50.313457 -10.317556 0.000000 0.000000 0.000000 -1
0 50.146790 -4.346541 0.000000 0.000000 0.000000 -1
0 -42.111111 -4.611111 0.000000 0.000000 0.000000 -1
0 -49.777779 -4.611111 0.000000 0.000000 0.000000 -1
0 -49.777779 -10.500000 0.000000 0.000000 0.000000 -1
0 -40.111111 -10.500000 0.000000 0.000000 0.000000 -1
0 -37.555557 -9.722221 0.000000 0.000000 0.000000 -1
0 -39.888889 -3.388889 0.000000 0.000000 0.000000 -1
0 -35.777779 -8.722221 0.000000 0.000000 0.000000 -1
0 -38.888889 -1.277778 0.000000 0.000000 0.000000 -1
0 -34.111111 -7.166667 0.000000 0.000000 0.000000 -1
0 -32.777779 -5.055555 0.000000 0.000000 0.000000 -1
0 -38.904766 1.428571 0.000000 0.000000 0.000000 -1
0 -31.666668 -2.055555 0.000000 0.000000 0.000000 -1
0 -31.888889 1.388889 0.000000 0.000000 0.000000 -1
0 -33.777779 5.722223 0.000000 0.000000 0.000000 -1
0 -40.888889 3.055556 0.000000 0.000000 0.000000 -1
0 -36.666664 7.880955 0.000000 0.000000 0.000000 -1
0 -9.654520 0.847192 0.000000 0.000000 0.000000 -1
0 -2.654524 0.797192 0.000000 0.000000 0.000000 -1
0 -8.854521 3.941636 0.000000 0.000000 0.000000 -1
0 -1.926745 2.463858 0.000000 0.000000 0.000000 -1
0 -7.104523 6.491636 0.000000 0.000000 0.000000 -1
0 -4.254523 8.591636 0.000000 0.000000 0.000000 -1
0 -0.776747 3.519414 0.000000 0.000000 0.000000 -1
0 -1.504523 9.541636 0.000000 0.000000 0.000000 -1
0 1.166665 3.888888 0.000000 0.000000 0.000000 -1
0 1.166665 9.888888 0.000000 0.000000 0.000000 -1
0 4.385634 0.710525 0.000000 0.000000 0.000000 -1
0 11.496742 0.760525 0.000000 0.000000 0.000000 -1
0 10.863409 3.910525 0.000000 0.000000 0.000000 -1
0 3.824521 2.321636 0.000000 0.000000 0.000000 -1
0 9.113409 6.460525 0.000000 0.000000 0.000000 -1
0 6.263409 8.560524 0.000000 0.000000 0.000000 -1
0 2.618968 3.432747 0.000000 0.000000 0.000000 -1
0 3.513409 9.510525 0.000000 0.000000 0.000000 -1
0 -2.710078 -1.186080 0.000000 0.000000 0.000000 -1
0 -9.710077 -1.236080 0.000000 0.000000 0.000000 -1
0 -8.854521 -4.997191 0.000000 0.000000 0.000000 -1
0 -2.204524 -3.463858 0.000000 0.000000 0.000000 -1
0 -7.104523 -7.547191 0.000000 0.000000 0.000000 -1
0 -4.254523 -9.647190 0.000000 0.000000 0.000000 -1
0 -0.887858 -4.686080 0.000000 0.000000 0.000000 -1
0 -1.504523 -10.597191 0.000000 0.000000 0.000000 -1
0 1.055554 -5.166666 0.000000 0.000000 0.000000 -1
0 1.166665 -10.944443 0.000000 0.000000 0.000000 -1
0 11.385630 -1.371636 0.000000 0.000000 0.000000 -1
0 4.607853 -1.321636 0.000000 0.000000 0.000000 -1
0 10.863409 -4.966080 0.000000 0.000000 0.000000 -1
0 3.935631 -3.654969 0.000000 0.000000 0.000000 -1
0 9.113409 -7.516079 0.000000 0.000000 0.000000 -1
0 6.263409 -9.616079 0.000000 0.000000 0.000000 -1
0 2.952302 -4.488302 0.000000 0.000000 0.000000 -1
0 3.513409 -10.566080 0.000000 0.000000 0.000000 -1
0 -30.940233 0.942430 0.000000 0.000000 0.000000 -1
0 -23.940237 0.892430 0.000000 0.000000 0.000000 -1
0 -30.140234 4.036874 0.000000 0.000000 0.000000 -1
0 -23.212458 2.559097 0.000000 0.000000 0.000000 -1
0 -28.390238 6.586874 0.000000 0.000000 0.000000 -1
0 -25.540236 8.686874 0.000000 0.000000 0.000000 -1
0 -22.062460 3.614652 0.000000 0.000000 0.000000 -1
0 -22.790236 9.636873 0.000000 0.000000 0.000000 -1
0 -20.119047 3.984127 0.000000 0.000000 0.000000 -1
0 -20.119047 9.984127 0.000000 0.000000 0.000000 -1
0 -16.900080 0.805763 0.000000 0.000000 0.000000 -1
0 -9.979448 0.855763 0.000000 0.000000 0.000000 -1
0 -10.422305 4.005763 0.000000 0.000000 0.000000 -1
0 -17.461195 2.416874 0.000000 0.000000 0.000000 -1
0 -12.172305 6.555763 0.000000 0.000000 0.000000 -1
0 -15.022305 8.655762 0.000000 0.000000 0.000000 -1
0 -18.666746 3.527985 0.000000 0.000000 0.000000 -1
0 -17.772306 9.605762 0.000000 0.000000 0.000000 -1
0 -23.995790 -1.090842 0.000000 0.000000 0.000000 -1
0 -30.995790 -1.140842 0.000000 0.000000 0.000000 -1
0 -30.140234 -4.901953 0.000000 0.000000 0.000000 -1
0 -23.490236 -3.368620 0.000000 0.000000 0.000000 -1
0 -28.390238 -7.451953 0.000000 0.000000 0.000000 -1
0 -25.540236 -9.551952 0.000000 0.000000 0.000000 -1
0 -22.173571 -4.590842 0.000000 0.000000 0.000000 -1
0 -22.790236 -10.501953 0.000000 0.000000 0.000000 -1
0 -20.230158 -5.071428 0.000000 0.000000 0.000000 -1
0 -20.119047 -10.849205 0.000000 0.000000 0.000000 -1
0 -9.900084 -1.276397 0.000000 0.000000 0.000000 -1
0 -16.677862 -1.226397 0.000000 0.000000 0.000000 -1
0 -10.422305 -4.870842 0.000000 0.000000 0.000000 -1
0 -17.350084 -3.559731 0.000000 0.000000 0.000000 -1
0 -12.172305 -7.420841 0.000000 0.000000 0.000000 -1
0 -15.022305 -9.520842 0.000000 0.000000 0.000000 -1
0 -18.333414 -4.393064 0.000000 0.000000 0.000000 -1
0 -17.772306 -10.470842 0.000000 0.000000 0.000000 -1
273
0.000000 0.000000 1.000000
-0.886712 0.462323 -0.000001
-0.451699 0.892170 0.000027
-0.903070 -0.429493 0.000001
-0.451535 -0.892253 0.000002
-0.168660 -0.985674 0.000002
-0.337326 -0.941388 0.000001
0.065869 0.997828 -0.000347
0.142830 0.989747 -0.000348
0.314080 0.949396 -0.000370
0.406006 0.913870 -0.000002
-0.656027 -0.754737 -0.000001
-0.799480 -0.600693 -0.000003
0.556262 0.831007 -0.000002
0.615370 0.788238 -0.000001
-0.957065 -0.289872 -0.000002
-0.989876 -0.141938 -0.000002
0.735141 0.677914 -0.000001
0.793811 0.608164 -0.000000
0.880496 0.474053 -0.000001
0.911398 0.411525 0.000000
-0.958347 0.285606 -0.000002
-0.825218 0.564814 -0.000002
0.983942 -0.178491 0.000002
0.956500 -0.291731 0.000001
0.997236 0.074292 0.000002
0.976781 0.214240 0.000001
0.853451 -0.521174 0.000000
0.772478 -0.635042 -0.000001
-0.509729 0.860335 -0.000002
-0.370244 0.928934 -0.000002
0.594413 -0.804160 -0.000002
0.502231 -0.864733 -0.000003
0.276852 -0.960913 -0.000002
0.140782 -0.990041 -0.000002
0.266858 0.963736 -0.000001
0.862556 0.505961 0.000002
-0.442342 -0.896846 -0.000001
-0.890875 -0.454248 -0.000001
-0.897521 0.440972 0.000000
-0.448760 0.893652 0.000001
0.441180 0.897419 0.000003
0.882359 0.470576 0.000003
-0.558095 0.829777 0.000001
-0.273522 0.961866 -0.000000
-0.891010 0.453983 0.000001
-0.971529 0.236919 0.000000
0.961597 -0.274466 0.000001
0.963521 0.267631 0.000001
0.981857 -0.189621 0.000001
0.500629 0.865662 0.000001
-0.261167 -0.965294 -0.000000
-0.543730 -0.839260 -0.000000
0.510386 -0.859945 -0.000001
0.983507 0.180871 -0.000002
-0.889988 -0.455985 -0.000001
-0.975955 -0.217972 -0.000001
-0.898176 0.439636 0.000005
-0.423996 0.905664 0.000003
-0.887463 -0.460880 0.000004
-0.443731 -0.896160 0.000002
0.447214 -0.894427 0.000000
0.894427 -0.447214 0.000001
0.897743 0.440519 0.000002
0.473047 0.881037 0.000002
-0.894427 0.447214 0.000001
-0.447214 0.894427 -0.000000
-0.895537 -0.444988 0.000000
-0.456008 -0.889976 -0.000001
0.438343 -0.898808 -0.000002
0.893329 -0.449404 -0.000002
0.894427 0.447214 -0.000002
0.447214 0.894427 -0.000002
-0.899146 0.437648 -0.000000
-0.445710 0.895177 0.000002
-0.890206 -0.455557 -0.000001
-0.452824 -0.891600 -0.000002
0.456402 0.889774 0.000004
0.905067 0.425270 0.000004
0.433627 -0.901092 0.000001
0.882748 -0.469846 0.000003
0.894652 -0.446763 0.000000
0.447326 -0.894371 0.000000
0.894449 0.447171 0.000000
0.449066 0.893499 0.000001
-0.446391 0.894838 0.000002
-0.896483 0.443078 -0.000001
0.447214 -0.894427 0.000002
0.894427 -0.447214 0.000002
-0.892629 -0.450792 -0.000003
-0.450108 -0.892974 -0.000004
0.893704 0.448658 0.000002
0.441389 0.897316 0.000002
0.448017 -0.894025 -0.000002
0.903763 -0.428034 0.000001
0.883481 0.468467 0.000002
0.436337 0.899784 0.000003
-0.165247 0.986252 -0.000002
-0.330496 0.943807 -0.000001
-0.447214 0.894427 -0.000002
-0.894427 0.447214 -0.000000
-0.894427 -0.447214 0.000001
-0.447214 -0.894427 0.000000
0.098002 -0.995186 -0.000000
0.196004 -0.980603 -0.000001
0.359405 -0.933182 -0.000001
0.426120 -0.904666 -0.000001
-0.650502 0.759505 -0.000000
-0.797429 0.603413 -0.000001
0.557801 -0.829974 -0.000001
0.622225 -0.782839 -0.000002
-0.957066 0.289869 -0.000002
-0.989876 0.141936 -0.000002
0.742123 -0.670263 -0.000002
0.796917 -0.604089 -0.000002
0.880497 -0.474052 -0.000001
0.911400 -0.411521 0.000001
-0.958346 -0.285609 -0.000001
-0.825218 -0.564814 -0.000001
0.997237 -0.074290 0.000002
0.976781 -0.214241 0.000001
0.983941 0.178492 0.000002
0.956500 0.291732 0.000001
0.835381 0.549672 -0.000000
0.726112 0.687577 -0.000000
-0.634076 -0.773271 -0.000001
-0.634080 -0.773267 -0.000002
0.598590 0.801056 -0.000000
0.598588 0.801057 0.000001
-0.489609 -0.871942 -0.000002
-0.968539 -0.248861 -0.000001
0.351843 -0.936059 -0.000001
0.712044 -0.702135 0.000001
-0.932825 0.360329 0.000001
-0.884289 0.466940 0.000002
0.852716 -0.522374 0.000001
0.771071 -0.636750 0.000001
-0.756777 0.653673 0.000002
-0.678706 0.734410 0.000002
-0.509470 0.860488 0.000002
-0.419668 0.907678 0.000002
0.531060 -0.847334 -0.000000
0.362194 -0.932103 0.000000
-0.261859 0.965106 0.000001
-0.195685 0.980667 -0.000000
0.025313 -0.999680 0.000001
-0.141291 -0.989968 0.000001
-0.033190 0.999449 -0.000001
0.063742 0.997966 -0.000001
-0.370970 -0.928645 -0.000002
-0.750345 -0.661046 -0.000001
0.482993 -0.875624 -0.000003
0.955742 -0.294205 -0.000002
0.945411 0.325881 -0.000000
0.892504 0.451040 0.000001
-0.878866 -0.477068 0.000000
-0.787551 -0.616250 0.000000
0.756777 0.653673 0.000001
0.678709 0.734408 -0.000000
0.509473 0.860486 -0.000001
0.419666 0.907679 -0.000001
-0.563778 -0.825927 -0.000000
-0.435001 -0.900430 0.000000
0.271633 0.962401 0.000000
0.215673 0.976466 0.000000
0.398102 0.917341 0.000001
0.805072 0.593177 0.000001
-0.486213 0.873840 0.000001
-0.961897 0.273410 0.000001
-0.939740 -0.341889 0.000001
-0.888742 -0.458408 0.000002
0.914312 0.405010 0.000001
0.811551 0.584282 0.000001
-0.756777 -0.653673 0.000002
-0.678709 -0.734408 0.000001
-0.509473 -0.860486 -0.000000
-0.419666 -0.907679 -0.000001
0.549074 0.835774 0.000002
0.398051 0.917363 0.000002
-0.261848 -0.965109 0.000001
-0.195680 -0.980668 0.000001
0.049659 0.998766 0.000002
-0.150161 0.988661 0.000001
-0.033197 -0.999449 -0.000000
0.063730 -0.997967 -0.000002
0.475894 0.879503 0.000002
0.941303 0.337564 0.000001
-0.383753 0.923436 0.000001
-0.776480 0.630142 -0.000000
0.956666 -0.291189 0.000001
0.900333 -0.435203 0.000001
-0.889892 0.456171 -0.000001
-0.780962 0.624578 -0.000001
0.756780 -0.653670 0.000002
0.678709 -0.734407 0.000001
0.509474 -0.860486 -0.000000
0.419668 -0.907678 -0.000002
-0.551160 0.834400 -0.000001
-0.446409 0.894829 0.000000
0.271639 -0.962399 -0.000002
0.215670 -0.976466 -0.000002
-0.489607 -0.871943 0.000001
-0.968538 -0.248867 -0.000001
0.351843 -0.936059 0.000002
0.712040 -0.702139 0.000002
-0.932827 0.360325 -0.000002
-0.884289 0.466940 -0.000001
0.852714 -0.522378 0.000000
0.771068 -0.636753 -0.000001
-0.756778 0.653673 -0.000000
-0.678707 0.734409 -0.000000
-0.509471 0.860488 -0.000000
-0.419668 0.907678 -0.000001
0.531060 -0.847334 -0.000002
0.362194 -0.932103 -0.000002
-0.261851 0.965108 -0.000002
-0.195678 0.980668 -0.000001
0.025313 -0.999680 -0.000001
-0.141279 -0.989970 0.000001
-0.033191 0.999449 -0.000001
0.063734 0.997967 -0.000001
-0.370834 -0.928699 0.000001
-0.750308 -0.661088 0.000001
0.475118 -0.879922 0.000001
0.939989 -0.341205 -0.000000
0.957565 0.288218 -0.000000
0.900984 0.433853 -0.000000
-0.878868 -0.477064 0.000001
-0.787557 -0.616242 0.000001
0.756779 0.653670 -0.000001
0.678708 0.734408 -0.000002
0.509469 0.860489 -0.000001
0.419667 0.907678 -0.000001
-0.563775 -0.825928 0.000002
-0.434990 -0.900435 0.000002
0.271640 0.962399 -0.000001
0.215671 0.976466 -0.000001
0.398099 0.917342 -0.000000
0.805072 0.593177 -0.000001
-0.486216 0.873839 0.000000
-0.961896 0.273416 -0.000000
-0.939742 -0.341884 -0.000002
-0.888744 -0.458403 -0.000003
0.914312 0.405010 -0.000001
0.811551 0.584282 -0.000001
-0.756777 -0.653673 -0.000002
-0.678703 -0.734413 -0.000001
-0.509466 -0.860491 0.000000
-0.419664 -0.907679 0.000001
0.549074 0.835774 -0.000001
0.398051 0.917363 -0.000001
-0.261855 -0.965107 0.000001
-0.195679 -0.980668 0.000001
0.049665 0.998766 -0.000002
-0.150155 0.988662 -0.000001
-0.033190 -0.999449 0.000001
0.063737 -0.997967 0.000002
0.475893 0.879503 -0.000002
0.941302 0.337565 -0.000001
-0.383753 0.923436 -0.000002
-0.776481 0.630140 -0.000001
0.956666 -0.291188 -0.000000
0.900333 -0.435203 -0.000000
-0.889893 0.456169 0.000000
-0.780957 0.624585 -0.000000
0.756777 -0.653674 -0.000000
0.678706 -0.734410 0.000000
0.509470 -0.860488 0.000001
0.419668 -0.907678 0.000001
-0.551151 0.834405 -0.000000
-0.446395 0.894836 -0.000001
0.271639 -0.962399 0.000001
0.215670 -0.976466 0.000001
384
0 0 1 2 0 0 0 1
0 2 3 0 0 0 0 1
0 2 4 3 0 0 0 1
0 2 5 4 0 0 0 1
0 5 6 4 0 0 0 1
0 5 7 6 0 0 0 1
0 7 8 6 0 0 0 1
0 7 9 8 0 0 0 1
0 7 10 9 0 0 0 1
0 10 11 12 0 0 0 1
0 10 12 9 0 0 0 1
0 10 13 11 0 0 0 1
0 10 14 15 0 0 0 1
0 10 15 13 0 0 0 1
0 14 16 15 0 0 0 1
0 14 17 16 0 0 0 1
0 17 18 16 0 0 0 1
0 19 18 17 0 0 0 1
0 20 19 17 0 0 0 1
0 21 22 23 0 0 0 1
0 23 24 21 0 0 0 1
0 23 25 26 0 0 0 1
0 23 27 25 0 0 0 1
0 22 27 23 0 0 0 1
0 28 29 30 0 0 0 1
0 30 31 28 0 0 0 1
0 32 33 34 0 0 0 1
0 34 35 32 0 0 0 1
0 36 37 38 0 0 0 1
0 37 39 38 0 0 0 1
0 40 41 42 0 0 0 1
0 40 43 41 0 0 0 1
0 40 44 43 0 0 0 1
0 43 44 45 0 0 0 1
0 45 44 46 0 0 0 1
0 45 46 47 0 0 0 1
0 48 49 50 0 0 0 1
0 50 51 48 0 0 0 1
0 51 52 48 0 0 0 1
0 52 53 48 0 0 0 1
0 52 54 53 0 0 0 1
0 54 55 53 0 0 0 1
0 54 56 55 0 0 0 1
0 56 57 55 0 0 0 1
0 57 58 55 0 0 0 1
0 59 60 58 0 0 0 1
0 57 59 58 0 0 0 1
0 60 61 58 0 0 0 1
0 62 63 58 0 0 0 1
0 61 62 58 0 0 0 1
0 64 65 66 0 0 0 1
0 66 65 67 0 0 0 1
0 66 67 68 0 0 0 1
0 68 67 69 0 0 0 1
0 69 67 70 0 0 0 1
0 69 70 71 0 0 0 1
0 71 70 72 0 0 0 1
0 71 72 73 0 0 0 1
0 74 75 76 0 0 0 1
0 77 75 74 0 0 0 1
0 78 77 74 0 0 0 1
0 79 77 78 0 0 0 1
0 80 77 79 0 0 0 1
0 81 80 79 0 0 0 1
0 72 80 81 0 0 0 1
0 73 72 81 0 0 0 1
0 82 83 84 0 0 0 1
0 85 83 82 0 0 0 1
0 86 85 82 0 0 0 1
0 87 85 86 0 0 0 1
0 88 85 87 0 0 0 1
0 89 88 87 0 0 0 1
0 90 88 89 0 0 0 1
0 91 90 89 0 0 0 1
0 92 93 94 0 0 0 1
0 94 93 95 0 0 0 1
0 94 95 96 0 0 0 1
0 96 95 97 0 0 0 1
0 97 95 98 0 0 0 1
0 97 98 99 0 0 0 1
0 99 98 90 0 0 0 1
0 99 90 91 0 0 0 1
0 100 101 102 0 0 0 1
0 102 101 103 0 0 0 1
0 102 103 104 0 0 0 1
0 104 103 105 0 0 0 1
0 105 103 106 0 0 0 1
0 105 106 107 0 0 0 1
0 107 106 108 0 0 0 1
0 107 108 109 0 0 0 1
0 110 111 112 0 0 0 1
0 113 111 110 0 0 0 1
0 114 113 110 0 0 0 1
0 115 113 114 0 0 0 1
0 116 113 115 0 0 0 1
0 117 116 115 0 0 0 1
0 108 116 117 0 0 0 1
0 109 108 117 0 0 0 1
0 118 119 120 0 0 0 1
0 121 119 118 0 0 0 1
0 122 121 118 0 0 0 1
0 123 121 122 0 0 0 1
0 124 121 123 0 0 0 1
0 125 124 123 0 0 0 1
0 126 124 125 0 0 0 1
0 127 126 125 0 0 0 1
0 128 129 130 0 0 0 1
0 130 129 131 0 0 0 1
0 130 131 132 0 0 0 1
0 132 131 133 0 0 0 1
0 133 131 134 0 0 0 1
0 133 134 135 0 0 0 1
0 135 134 126 0 0 0 1
0 135 126 127 0 0 0 1
0 0 136 137 1 2 3 2
0 0 137 1 1 3 4 2
0 1 137 138 4 3 5 2
0 1 138 2 4 5 6 2
0 3 139 136 7 8 2 2
0 3 136 0 7 2 1 2
0 4 140 139 9 10 8 2
0 4 139 3 9 8 7 2
0 2 138 141 6 5 11 2
0 2 141 5 6 11 12 2
0 6 142 140 13 14 10 2
0 6 140 4 13 10 9 2
0 5 141 143 12 11 15 2
0 5 143 7 12 15 16 2
0 8 144 142 17 18 14 2
0 8 142 6 17 14 13 2
0 9 145 144 19 20 18 2
0 9 144 8 19 18 17 2
0 7 143 146 16 15 21 2
0 7 146 10 16 21 22 2
0 11 147 148 23 24 25 2
0 11 148 12 23 25 26 2
0 12 148 145 26 25 20 2
0 12 145 9 26 20 19 2
0 13 149 147 27 28 24 2
0 13 147 11 27 24 23 2
0 10 146 150 22 21 29 2
0 10 150 14 22 29 30 2
0 15 151 149 31 32 28 2
0 15 149 13 31 28 27 2
0 16 152 151 33 34 32 2
0 16 151 15 33 32 31 2
0 14 150 153 30 29 35 2
0 14 153 17 30 35 36 2
0 18 154 152 37 38 34 2
0 18 152 16 37 34 33 2
0 19 155 154 39 40 38 2
0 19 154 18 39 38 37 2
0 20 156 155 41 42 40 2
0 20 155 19 41 40 39 2
0 17 153 156 36 35 42 2
0 17 156 20 36 42 41 2
0 21 157 158 43 44 45 2
0 21 158 22 43 45 46 2
0 23 159 160 47 48 49 2
0 23 160 24 47 49 50 2
0 24 160 157 50 49 44 2
0 24 157 21 50 44 43 2
0 25 161 162 51 52 53 2
0 25 162 26 51 53 54 2
0 26 162 159 54 53 48 2
0 26 159 23 54 48 47 2
0 27 163 161 55 56 52 2
0 27 161 25 55 52 51 2
0 22 158 163 46 45 56 2
0 22 163 27 46 56 55 2
0 28 164 165 57 58 59 2
0 28 165 29 57 59 60 2
0 29 165 166 60 59 61 2
0 29 166 30 60 61 62 2
0 30 166 167 62 61 63 2
0 30 167 31 62 63 64 2
0 31 167 164 64 63 58 2
0 31 164 28 64 58 57 2
0 32 168 169 65 66 67 2
0 32 169 33 65 67 68 2
0 33 169 170 68 67 69 2
0 33 170 34 68 69 70 2
0 34 170 171 70 69 71 2
0 34 171 35 70 71 72 2
0 35 171 168 72 71 66 2
0 35 168 32 72 66 65 2
0 36 172 173 73 74 75 2
0 36 173 37 73 75 76 2
0 38 174 172 77 78 74 2
0 38 172 36 77 74 73 2
0 37 173 175 76 75 79 2
0 37 175 39 76 79 80 2
0 39 175 174 80 79 78 2
0 39 174 38 80 78 77 2
0 41 176 177 81 82 83 2
0 41 177 42 81 83 84 2
0 42 177 178 84 83 85 2
0 42 178 40 84 85 86 2
0 43 179 176 87 88 82 2
0 43 176 41 87 82 81 2
0 40 178 180 86 85 89 2
0 40 180 44 86 89 90 2
0 45 181 179 91 92 88 2
0 45 179 43 91 88 87 2
0 44 180 182 90 89 93 2
0 44 182 46 90 93 94 2
0 46 182 183 94 93 95 2
0 46 183 47 94 95 96 2
0 47 183 181 96 95 92 2
0 47 181 45 96 92 91 2
0 48 184 185 97 98 99 2
0 48 185 49 97 99 100 2
0 49 185 186 100 99 101 2
0 49 186 50 100 101 102 2
0 50 186 187 102 101 103 2
0 50 187 51 102 103 104 2
0 51 187 188 104 103 105 2
0 51 188 52 104 105 106 2
0 53 189 184 107 108 98 2
0 53 184 48 107 98 97 2
0 52 188 190 106 105 109 2
0 52 190 54 106 109 110 2
0 55 191 189 111 112 108 2
0 55 189 53 111 108 107 2
0 54 190 192 110 109 113 2
0 54 192 56 110 113 114 2
0 56 192 193 114 113 115 2
0 56 193 57 114 115 116 2
0 58 194 191 117 118 112 2
0 58 191 55 117 112 111 2
0 59 195 196 119 120 121 2
0 59 196 60 119 121 122 2
0 57 193 195 116 115 120 2
0 57 195 59 116 120 119 2
0 60 196 197 122 121 123 2
0 60 197 61 122 123 124 2
0 63 198 194 125 126 118 2
0 63 194 58 125 118 117 2
0 61 197 199 124 123 127 2
0 61 199 62 124 127 128 2
0 64 200 201 129 130 131 2
0 64 201 65 129 131 132 2
0 66 202 200 133 134 130 2
0 66 200 64 133 130 129 2
0 65 201 203 132 131 135 2
0 65 203 67 132 135 136 2
0 68 204 202 137 138 134 2
0 68 202 66 137 134 133 2
0 69 205 204 139 140 138 2
0 69 204 68 139 138 137 2
0 67 203 206 136 135 141 2
0 67 206 70 136 141 142 2
0 71 207 205 143 144 140 2
0 71 205 69 143 140 139 2
0 70 206 208 142 141 145 2
0 70 208 72 142 145 146 2
0 73 209 207 147 148 144 2
0 73 207 71 147 144 143 2
0 75 210 211 149 150 151 2
0 75 211 76 149 151 152 2
0 76 211 212 152 151 153 2
0 76 212 74 152 153 154 2
0 77 213 210 155 156 150 2
0 77 210 75 155 150 149 2
0 74 212 214 154 153 157 2
0 74 214 78 154 157 158 2
0 78 214 215 158 157 159 2
0 78 215 79 158 159 160 2
0 80 216 213 161 162 156 2
0 80 213 77 161 156 155 2
0 79 215 217 160 159 163 2
0 79 217 81 160 163 164 2
0 72 208 216 146 145 162 2
0 72 216 80 146 162 161 2
0 81 217 209 164 163 148 2
0 81 209 73 164 148 147 2
0 83 218 219 165 166 167 2
0 83 219 84 165 167 168 2
0 84 219 220 168 167 169 2
0 84 220 82 168 169 170 2
0 85 221 218 171 172 166 2
0 85 218 83 171 166 165 2
0 82 220 222 170 169 173 2
0 82 222 86 170 173 174 2
0 86 222 223 174 173 175 2
0 86 223 87 174 175 176 2
0 88 224 221 177 178 172 2
0 88 221 85 177 172 171 2
0 87 223 225 176 175 179 2
0 87 225 89 176 179 180 2
0 90 226 224 181 182 178 2
0 90 224 88 181 178 177 2
0 89 225 227 180 179 183 2
0 89 227 91 180 183 184 2
0 92 228 229 185 186 187 2
0 92 229 93 185 187 188 2
0 94 230 228 189 190 186 2
0 94 228 92 189 186 185 2
0 93 229 231 188 187 191 2
0 93 231 95 188 191 192 2
0 96 232 230 193 194 190 2
0 96 230 94 193 190 189 2
0 97 233 232 195 196 194 2
0 97 232 96 195 194 193 2
0 95 231 234 192 191 197 2
0 95 234 98 192 197 198 2
0 99 235 233 199 200 196 2
0 99 233 97 199 196 195 2
0 98 234 226 198 197 182 2
0 98 226 90 198 182 181 2
0 91 227 235 184 183 200 2
0 91 235 99 184 200 199 2
0 100 236 237 201 202 203 2
0 100 237 101 201 203 204 2
0 102 238 236 205 206 202 2
0 102 236 100 205 202 201 2
0 101 237 239 204 203 207 2
0 101 239 103 204 207 208 2
0 104 240 238 209 210 206 2
0 104 238 102 209 206 205 2
0 105 241 240 211 212 210 2
0 105 240 104 211 210 209 2
0 103 239 242 208 207 213 2
0 103 242 106 208 213 214 2
0 107 243 241 215 216 212 2
0 107 241 105 215 212 211 2
0 106 242 244 214 213 217 2
0 106 244 108 214 217 218 2
0 109 245 243 219 220 216 2
0 109 243 107 219 216 215 2
0 111 246 247 221 222 223 2
0 111 247 112 221 223 224 2
0 112 247 248 224 223 225 2
0 112 248 110 224 225 226 2
0 113 249 246 227 228 222 2
0 113 246 111 227 222 221 2
0 110 248 250 226 225 229 2
0 110 250 114 226 229 230 2
0 114 250 251 230 229 231 2
0 114 251 115 230 231 232 2
0 116 252 249 233 234 228 2
0 116 249 113 233 228 227 2
0 115 251 253 232 231 235 2
0 115 253 117 232 235 236 2
0 108 244 252 218 217 234 2
0 108 252 116 218 234 233 2
0 117 253 245 236 235 220 2
0 117 245 109 236 220 219 2
0 119 254 255 237 238 239 2
0 119 255 120 237 239 240 2
0 120 255 256 240 239 241 2
0 120 256 118 240 241 242 2
0 121 257 254 243 244 238 2
0 121 254 119 243 238 237 2
0 118 256 258 242 241 245 2
0 118 258 122 242 245 246 2
0 122 258 259 246 245 247 2
0 122 259 123 246 247 248 2
0 124 260 257 249 250 244 2
0 124 257 121 249 244 243 2
0 123 259 261 248 247 251 2
0 123 261 125 248 251 252 2
0 126 262 260 253 254 250 2
0 126 260 124 253 250 249 2
0 125 261 263 252 251 255 2
0 125 263 127 252 255 256 2
0 128 264 265 257 258 259 2
0 128 265 129 257 259 260 2
0 130 266 264 261 262 258 2
0 130 264 128 261 258 257 2
0 129 265 267 260 259 263 2
0 129 267 131 260 263 264 2
0 132 268 266 265 266 262 2
0 132 266 130 265 262 261 2
0 133 269 268 267 268 266 2
0 133 268 132 267 266 265 2
0 131 267 270 264 263 269 2
0 131 270 134 264 269 270 2
0 135 271 269 271 272 268 2
0 135 269 133 271 268 267 2
0 134 270 262 270 269 254 2
0 134 262 126 270 254 253 2
0 127 263 271 256 255 272 2
0 127 271 135 256 272 271 2

Materials: 0

Bones: 0
